27
0 1 1 1 0 1 0 0 0 1 1 0 0 0 1 1 0 0 0 1 0 1 1 1 0 1 1 1 0
1 1 1 1 0 0 0 0 0 1 0 0 0 0 1 0 0 0 0 0 0 0 0 0 1 0 0 0 0
1 1 1 1 0 1 0 0 0 0 1 0 0 0 0 1 0 0 0 0 1 1 1 1 0 0 1 0 0
0 0 0 0 0 1 0 0 0 0 1 0 0 0 0 1 0 0 0 0 1 1 1 1 0 1 0 0 0
0 1 1 1 0 1 0 0 0 1 0 0 0 0 1 1 0 0 0 1 0 1 1 1 0 1 1 1 0
0 0 1 0 0 0 0 1 0 0 0 1 0 1 0 1 0 0 0 1 1 0 0 0 1 0 1 1 0
0 1 1 1 1 1 0 0 0 1 1 0 0 0 1 1 0 0 0 1 1 1 1 1 1 0 0 1 0
0 1 1 1 1 0 0 0 0 1 1 1 1 1 1 1 0 0 0 0 1 1 1 1 0 1 1 0 0
1 0 0 0 1 1 0 0 0 1 1 1 0 1 1 1 0 0 0 1 1 1 1 1 1 1 0 1 0
1 0 0 0 1 1 0 0 0 1 1 1 0 1 1 1 0 0 0 1 1 0 1 1 1 1 0 1 0
1 1 1 1 0 0 0 0 1 0 0 0 1 0 0 0 1 0 1 0 1 0 0 0 1 0 0 0 1
1 1 1 1 1 0 0 0 0 1 0 0 0 0 1 0 0 0 0 1 0 0 0 0 0 0 0 0 0
0 1 1 1 1 0 0 0 0 1 1 1 1 1 1 1 0 0 0 0 1 1 1 1 0 1 1 0 0
1 1 1 1 0 0 0 0 1 0 0 0 1 0 0 0 1 0 1 0 1 0 0 0 1 0 0 0 1
1 0 0 0 0 1 0 0 0 0 1 0 0 0 0 1 0 0 0 0 0 1 1 1 1 1 0 0 0
1 1 1 1 1 1 0 0 0 1 0 0 0 0 0 1 0 0 0 1 1 1 1 1 1 0 0 1 0
0 0 1 0 0 0 0 1 0 0 0 0 0 0 0 0 1 0 1 0 1 0 0 0 1 0 1 1 0
0 1 1 1 1 0 1 0 0 0 0 1 0 0 0 0 1 0 0 0 0 1 1 1 1 0 1 0 0
1 0 1 1 1 0 0 0 0 1 0 0 0 1 0 0 0 0 0 1 0 0 0 0 0 0 0 0 0
1 0 0 0 0 1 0 0 0 0 1 0 0 0 0 1 0 0 0 0 0 1 1 1 1 1 0 0 0
1 1 1 1 0 1 0 0 0 0 0 0 0 0 0 1 0 0 0 0 1 1 1 1 0 0 1 0 0
1 1 1 1 1 0 0 0 0 1 1 1 0 0 1 1 0 0 0 0 1 1 1 1 1 1 1 0 0
1 1 0 1 1 1 0 0 0 1 0 0 0 0 1 1 0 0 0 1 1 1 0 1 1 0 0 1 0
0 0 0 0 1 1 0 0 0 1 1 1 0 1 1 1 0 0 0 1 1 1 0 1 1 1 0 1 0
0 0 1 0 0 0 0 1 0 0 0 1 0 1 0 0 1 0 1 0 1 0 0 0 1 0 1 1 0
0 1 1 1 0 0 1 0 1 0 1 0 0 0 1 1 0 0 1 0 0 0 1 0 0 1 1 1 0
0 1 1 1 1 0 0 1 1 0 0 0 0 0 0 0 1 0 1 0 1 0 0 0 1 0 0 0 1

1 0 1 1 1 0 0 0 0 1 0 0 0 1 0 0 0 0 0 1 0 0 0 0 0 0 0 0 0 0 丑
1 0 0 0 0 1 0 0 0 0 1 0 0 0 0 1 0 0 0 0 0 1 1 1 1 1 0 0 0 1 中
1 1 1 1 0 1 0 0 0 0 0 0 0 0 0 1 0 0 0 0 1 1 1 1 0 0 1 0 0 2 之
1 1 1 1 1 0 0 0 0 1 1 1 0 0 1 1 0 0 0 0 1 1 1 1 1 1 1 0 0 3 予
1 1 0 1 1 1 0 0 0 1 0 0 0 0 1 1 0 0 0 1 1 1 0 1 1 0 0 1 0 4 仃
0 0 0 0 1 1 0 0 0 1 1 1 0 1 1 1 0 0 0 1 1 1 0 1 1 1 0 1 0 5 仆
0 0 1 0 0 0 0 1 0 0 0 1 0 1 0 0 1 0 1 0 1 0 0 0 1 0 1 1 0 6 今
0 1 1 1 0 0 1 0 1 0 1 0 0 0 1 1 0 0 1 0 0 0 1 0 0 1 1 1 0 7 仄
0 1 1 1 1 0 0 1 1 0 0 0 0 0 0 0 1 0 1 0 1 0 0 0 1 0 0 0 1 8 元

1 2 3 4 5 1 2 3 4 5 1 2 3 4 5 1 2 3 4 5 1 2 3 4 5